    0.591529408087286793E-05    0.294520601836304422E+03    0.392594267820973926E+02    0.486474215984344482E+02    0.103702468560891115E+01   -0.243152368068695068E+01   -0.189424830675125122E+01    0.247005641460418685E-06
    0.108819158241960218E-04    0.293051479638904254E+03    0.416619523391942863E+02    0.663752782344818115E+02    0.717470379568344474E+00   -0.163394927978515625E+01   -0.272080036997795105E+01    0.326930046081542947E-06
    0.475929787331183217E-04    0.289850313774821188E+03    0.436159705703463274E+02    0.639275836944580078E+02    0.108164752225939975E+01   -0.113892221450805664E+01   -0.294338497519493103E+01    0.910813450813293411E-06
    0.577061375270378665E-04    0.289214957189369215E+03    0.399309207372389849E+02    0.266357481479644775E+02    0.121952373750681731E+01   -0.159058690071105957E+01   -0.297678726911544800E+01    0.100711703300476074E-06
    0.685630204034550086E-04    0.288620177607898370E+03    0.433948878808289180E+02    0.434654188156127930E+02    0.459721237063030974E+00   -0.149362468719482422E+01   -0.266672763228416443E+01    0.993881106376647803E-06
    0.118269264890000984E-02    0.282674586216894454E+03    0.416390327020960953E+02    0.212898051738739014E+02    0.754566403430960153E+00   -0.223648667335510254E+01   -0.190852734446525574E+01    0.293461084365844697E-06
    0.238853321668158845E-02    0.281018814785013092E+03    0.417079244239157703E+02    0.270160531997680664E+02    0.145167002403487699E+01   -0.223930203914642334E+01   -0.633924484252929688E+00    0.175479292869567868E-06
    0.343118282804122550E-02    0.280044363607244236E+03    0.353630075273604518E+02    0.633409667015075684E+02    0.116502245223121559E+01   -0.172097992897033691E+01   -0.608276009559631348E+00    0.911881446838378853E-06
    0.367769871105025391E-02    0.279655599293738646E+03    0.400123075600133404E+02    0.645167076587677002E+02    0.586010388217802380E+00   -0.102540838718414307E+01   -0.210404548048973083E+01    0.646082758903503441E-06
    0.594240797166480962E-02    0.278445944839029210E+03    0.407538071862053286E+02    0.338669300079345703E+02    0.436398102722985182E+00   -0.171481776237487793E+01   -0.212150233983993530E+01    0.454894900321960405E-06
    0.778309931817325589E-02    0.277656264448743684E+03    0.383978508696178338E+02    0.668845617771148682E+02    0.127523226982380766E+01   -0.133668720722198486E+01   -0.137210804224014282E+01    0.252991139888763395E-06
    0.711663005669044106E-02    0.277585305092889428E+03    0.414748329556246347E+02    0.389802360534667969E+02    0.121053085910961711E+01   -0.157382059097290039E+01   -0.128889802098274231E+01    0.945409655570983810E-06
    0.156495552907745111E-01    0.275759288705043161E+03    0.396608784860375820E+02    0.621753501892089844E+02    0.472225498911352404E+00   -0.125386452674865723E+01   -0.109440672397613525E+01    0.802092969417572024E-06
    0.239282406648233213E-01    0.274660054948054778E+03    0.433001778202473560E+02    0.368597638607025146E+02    0.115864956583024714E+01   -0.152501964569091797E+01   -0.101628813147544861E+01    0.731848955154418924E-06
    0.242809907962841451E-01    0.274380786161449237E+03    0.414243180745327919E+02    0.648966121673583984E+02    0.146201844958193061E+01   -0.105653893947601318E+01   -0.117038208246231079E+01    0.903622925281524592E-06
    0.248870306158875190E-01    0.274081480088404305E+03    0.398179475012816937E+02    0.467119002342224121E+02    0.761212420776948728E+00   -0.288844966888427734E+01   -0.108509901165962219E+01    0.967113316059112570E-06
    0.279848712717455927E-01    0.273596845601496398E+03    0.404554209670460523E+02    0.729561817646026611E+02    0.937272794459345304E+00   -0.201045429706573486E+01   -0.110019776225090027E+01    0.325521349906921395E-06
    0.249481942234115392E-01    0.273576570818831897E+03    0.384730523537856186E+02    0.239286088943481445E+02    0.362346115004362479E+00   -0.194671082496643066E+01   -0.156102719902992249E+01    0.151836812496185301E-06
    0.284940406283996882E-01    0.273060783777053928E+03    0.404011446055919450E+02    0.449858129024505615E+02    0.132748186025242632E+01   -0.173755300045013428E+01   -0.104616600275039673E+01    0.874892354011535620E-06
    0.262772960080591596E-01    0.272972763112965424E+03    0.394022137701476751E+02    0.442152222699271533E+02    0.550934334780370127E+00   -0.179412084883313638E+01   -0.152522065990823141E+01    0.499863120722268507E-06
    0.247772452799353525E-01    0.272840322300460798E+03    0.401817780713966144E+02    0.635167824527496379E+02    0.105381277675889118E+01   -0.185111018751427858E+01   -0.105472613359582246E+01    0.738735688761644070E-06
    0.302948934983759827E-01    0.272188215372546949E+03    0.410472651100680608E+02    0.749553420792119027E+02    0.869274547346725712E+00   -0.209875887999552768E+01   -0.103250463264038661E+01    0.427788404694756357E-06
    0.281923662467336439E-01    0.272082071224702815E+03    0.381184146573069498E+02    0.230409416941408907E+02    0.455440912227773609E+00   -0.216806411275041544E+01   -0.160058539522626164E+01    0.176381350908406674E-06
    0.252352132399901417E-01    0.272053692966509004E+03    0.363946227106904843E+02    0.277281430695883309E+02    0.780815805894888304E+00   -0.194439516303849125E+01   -0.159245240076363048E+01    0.555532045543692203E-07
    0.287417731078695761E-01    0.271543470559309924E+03    0.377432262159942979E+02    0.201869416236877441E+02    0.104173213890742988E+01   -0.218556880950927734E+01   -0.150834131240844727E+01    0.699065029621124277E-06
    0.365607329468921396E-01    0.270812224118025085E+03    0.400096038960013516E+02    0.511591537793295856E+02    0.146524627466855617E+01   -0.204286236789280284E+01   -0.102081522917621892E+01    0.444372707684428483E-06
    0.366370635674337988E-01    0.270558052918789883E+03    0.404298859283739418E+02    0.585644154393639766E+02    0.104927047098241055E+01   -0.230930332967148155E+01   -0.107817173852158454E+01    0.673734677979033196E-06
    0.324941764714252873E-01    0.270548051930787210E+03    0.390401717484781017E+02    0.300622494159546889E+02    0.127408725242710630E+01   -0.221536438943607727E+01   -0.137290726807433394E+01    0.968706831379997022E-06
    0.322674875105214143E-01    0.270312053417025083E+03    0.411992252891139614E+02    0.392771376947544795E+02    0.143974563326088534E+01   -0.225179199570565247E+01   -0.969806171080259904E+00    0.879132491644890964E-06
    0.389783103175138576E-01    0.269684163014921126E+03    0.383002741803582651E+02    0.210233187675476074E+02    0.140437095562496683E+01   -0.258974909782409668E+01   -0.132965984940528870E+01    0.946912348270416216E-06
    0.398783542974827446E-01    0.269388506350597822E+03    0.410296882433691081E+02    0.412655675411224365E+02    0.782433386581401491E+00   -0.240579628944396973E+01   -0.121922972798347473E+01    0.861194074153900069E-06
    0.376289086441611645E-01    0.269254628502550815E+03    0.401956736736606715E+02    0.489021639962054735E+02    0.142810324558886426E+00   -0.245449623740757517E+01   -0.140097259987246492E+01    0.193545793234669361E-06
    0.333970757156817691E-01    0.269243237020904246E+03    0.385633950423848120E+02    0.351273512791189262E+02    0.134689023880187309E+01   -0.229159018766710076E+01   -0.125764763232355681E+01    0.652165182758628213E-06
    0.299398238537917499E-01    0.269211794715023530E+03    0.427304897729429811E+02    0.579646071385070485E+02    0.826536936585839599E+00   -0.214256430264516373E+01   -0.116947140650099324E+01    0.949925704582965837E-06
    0.266067364190777297E-01    0.269197844841231927E+03    0.431252202938996234E+02    0.494599222837313803E+02    0.632665138777106506E+00   -0.245120152546032255E+01   -0.115649558673855024E+01    0.795140757675705980E-06
    0.247074154758164626E-01    0.269095966865819321E+03    0.399825091847569141E+02    0.367225955059356579E+02    0.152803621961055369E+01   -0.214887976435074091E+01   -0.102659028905467031E+01    0.934256197745255822E-06
    0.220150818788786180E-01    0.269076718189493761E+03    0.398419914726413396E+02    0.334138008028121050E+02    0.153678290783434446E+01   -0.210704405951499041E+01   -0.107256293749397336E+01    0.672621146601370071E-06
    0.195403603006449531E-01    0.269065209535204247E+03    0.352590145314361081E+02    0.368796778047067448E+02    0.132151748460670304E+01   -0.215651880664721496E+01   -0.130398227809981315E+01    0.334077039119212678E-07
    0.186286219779456079E-01    0.268910775278410938E+03    0.410408759982201801E+02    0.398000844234970117E+02    0.125052579539652475E+01   -0.232914992049392433E+01   -0.108874559341917809E+01    0.350773406426785522E-06
    0.185025843491281629E-01    0.268674352872607358E+03    0.406677981982498764E+02    0.494824013950161046E+02    0.395552202913146023E+00   -0.238014067017690234E+01   -0.139776724729793900E+01    0.777410192919184146E-06
    0.171849766721136922E-01    0.268572102600668927E+03    0.386883819804540963E+02    0.504970105230882282E+02    0.406352389390395252E+00   -0.247524195823782112E+01   -0.146777259154071849E+01    0.347023045955309408E-06
    0.156532386631491466E-01    0.268508818028540986E+03    0.409794642809156429E+02    0.506873032075614205E+02    0.807185187129191184E+00   -0.216895488686350912E+01   -0.123709057383351007E+01    0.492940284592080150E-06
    0.144530497250983103E-01    0.268418362814498551E+03    0.398064317880074796E+02    0.415594410425320291E+02    0.813550420781100292E+00   -0.270408005218526881E+01   -0.132012093665714358E+01    0.837514178872430914E-06
    0.133709947256685485E-01    0.268323998130014218E+03    0.405812614450678453E+02    0.461532841981065260E+02    0.612904399693087409E+00   -0.249138729998055775E+01   -0.131873576055719166E+01    0.811155770929442715E-06
    0.118354701412237695E-01    0.268317971772705732E+03    0.398619734091241540E+02    0.436267927631650352E+02    0.959792886945914914E+00   -0.226515934303542155E+01   -0.133480539255721431E+01    0.203024781123652073E-06
    0.105254345946192741E-01    0.268302584365625592E+03    0.382897673902751734E+02    0.358801169180949699E+02    0.133000913465093795E+01   -0.244114855991107760E+01   -0.124694859877929609E+01    0.794010907431416123E-06
    0.101824928408766700E-01    0.268118833991439942E+03    0.407820599817110363E+02    0.375966407579194808E+02    0.104539727184589615E+01   -0.251178891173356122E+01   -0.120096778191992160E+01    0.984332817132940314E-06
    0.898795941934326693E-02    0.268118402027695993E+03    0.407779307002424432E+02    0.519646626610075515E+02    0.822655393013617675E+00   -0.227029617065739231E+01   -0.119495667744188250E+01    0.788623570378373969E-06
    0.822569872672002100E-02    0.268045647217117846E+03    0.395120415902649356E+02    0.494454826540640227E+02    0.612759255396214786E+00   -0.260633741679086972E+01   -0.134310545341437648E+01    0.621935956106937927E-06
    0.730723401974526891E-02    0.268032444068188227E+03    0.373712590452542841E+02    0.391290381315845153E+02    0.112911643251226335E+01   -0.236290498939670979E+01   -0.135665910381044696E+01    0.518234822844899454E-06
    0.687527697518556472E-02    0.267904309846276419E+03    0.397845483264832964E+02    0.365785319388624686E+02    0.105647859442699366E+01   -0.247783185712935472E+01   -0.124827048377441185E+01    0.421848869157558460E-06
    0.775255099495456360E-02    0.267658924183324245E+03    0.393736832730810065E+02    0.418156547965161280E+02    0.913509727827930496E+00   -0.254147312210356535E+01   -0.133785140889991094E+01    0.569196291603050911E-06
    0.845713909229766150E-02    0.267484946187676314E+03    0.386935059738183469E+02    0.422174455324495526E+02    0.101032959368844510E+01   -0.253406402476686798E+01   -0.131474670085995204E+01    0.513435681356380510E-06
    0.788948418608664825E-02    0.267623906568877828E+03    0.403192231759715582E+02    0.476822944927452568E+02    0.822533819093537399E+00   -0.256406228096391553E+01   -0.127694480427326296E+01    0.592819174682784317E-06
    0.808123727967517518E-02    0.267575878104045046E+03    0.391800448717012060E+02    0.591772668701088520E+02    0.607840356726905395E+00   -0.240925751921980291E+01   -0.129008835826123613E+01    0.248604427362371661E-06
    0.687493834181423548E-02    0.267899202732912329E+03    0.390254217081224510E+02    0.572922871318550335E+02    0.414726325198344792E+00   -0.254465136502364153E+01   -0.138356986421302830E+01    0.743260007509471496E-06
    0.811108003995115491E-02    0.267568506016782635E+03    0.404936797623042608E+02    0.575606811259626099E+02    0.708869378298325747E+00   -0.230752784665940203E+01   -0.126528075294191278E+01    0.783771278274378125E-06
    0.792947127399181752E-02    0.267613795364462192E+03    0.372442160151549899E+02    0.468911057863858076E+02    0.881330591963319865E+00   -0.257085218743776656E+01   -0.139763502906763648E+01    0.347807118862434617E-06
    0.711492359100486527E-02    0.267830579098326041E+03    0.389412702931794144E+02    0.643322177975839935E+02    0.315901626000314906E+00   -0.232787585913324691E+01   -0.135597313423214616E+01    0.564659922978531805E-06
