luminosity_distance KNphi inclination_EM log10_mej_dyn log10_mej_wind Ebv KNtimeshift log_likelihood log_prior
41.474832955624635 38.9802360534668 1.210530859109617 -1.5738205909729004 -1.2888980209827423 9.454096555709838e-07 0.0 -138.7926525464447 3.277503188624106
43.300177820247356 36.859763860702515 1.1586495658302471 -1.525019645690918 -1.0162881314754486 7.318489551544189e-07 0.0 -137.3300274740274 3.6280783082399104
41.42431807453279 64.8966121673584 1.4620184495819306 -1.0565389394760132 -1.1703820824623108 9.036229252815246e-07 0.0 -137.19039308072462 3.926835691470446
39.817947501281694 46.71190023422241 0.7612124207769487 -2.8884496688842773 -1.0850990116596222 9.671133160591126e-07 0.0 -137.04074004420215 2.7655321624377436
40.45542096704605 72.95618176460266 0.9372727944593453 -2.010454297065735 -1.1001977622509003 3.255213499069214e-07 0.0 -136.7984228007482 5.917628006773317
38.47305235378562 23.928608894348145 0.3623461150043625 -1.9467108249664307 -1.5610271990299225 1.518368124961853e-07 0.0 -136.78828540941595 5.028037745839471
40.401144605591945 44.98581290245056 1.3274818602524263 -1.7375530004501343 -1.0461660027503967 8.748923540115356e-07 0.0 -136.53039188852696 4.425210099284813
39.402213770147675 44.21522226992715 0.5509343347803701 -1.7941208488331364 -1.5252206599082314 4.998631207222685e-07 0.0 -136.4863815564827 5.166070208698331
40.181778071396614 63.51678245274964 1.0538127767588912 -1.8511101875142786 -1.0547261335958225 7.387356887616441e-07 0.0 -136.4201611502304 5.069314001563104
41.04726511006806 74.9553420792119 0.8692745473467257 -2.0987588799955277 -1.0325046326403866 4.2778840469475636e-07 0.0 -136.09410768627347 5.5750786429972266
38.11841465730695 23.04094169414089 0.4554409122277736 -2.1680641127504154 -1.6005853952262616 1.7638135090840667e-07 0.0 -136.0410356123514 5.0453047571586325
38.11841465730695 23.04094169414089 0.4554409122277736 -2.1680641127504154 -1.6005853952262616 1.7638135090840667e-07 0.0 -136.0410356123514 5.0453047571586325
36.394622710690484 27.72814306958833 0.7808158058948883 -1.9443951630384912 -1.5924524007636305 5.555320455436922e-08 0.0 -136.0268464832545 4.328397493172632
37.7432262159943 20.186941623687744 1.0417321389074299 -2.1855688095092773 -1.5083413124084473 6.990650296211243e-07 0.0 -135.77173527965496 4.49544530440448
40.00960389600135 51.159153779329586 1.4652462746685562 -2.042862367892803 -1.020815229176219 4.443727076844285e-07 0.0 -135.40611205901254 5.962961482785972
40.00960389600135 51.159153779329586 1.4652462746685562 -2.042862367892803 -1.020815229176219 4.443727076844285e-07 0.0 -135.40611205901254 5.962961482785972
40.42988592837394 58.56441543936398 1.0492704709824106 -2.3093033296714816 -1.0781717385215845 6.737346779790332e-07 0.0 -135.27902645939494 5.267653861294569
40.42988592837394 58.56441543936398 1.0492704709824106 -2.3093033296714816 -1.0781717385215845 6.737346779790332e-07 0.0 -135.27902645939494 5.267653861294569
39.0401717484781 30.06224941595469 1.2740872524271063 -2.2153643894360773 -1.372907268074334 9.68706831379997e-07 0.0 -135.2740259653936 2.91822408337916
41.19922528911396 39.27713769475448 1.4397456332608853 -2.2517919957056525 -0.9698061710802599 8.79132491644891e-07 0.0 -135.15602670851254 4.233238644083212
41.19922528911396 39.27713769475448 1.4397456332608853 -2.2517919957056525 -0.9698061710802599 8.79132491644891e-07 0.0 -135.15602670851254 4.233238644083212
38.300274180358265 21.023318767547607 1.4043709556249668 -2.5897490978240967 -1.3296598494052887 9.469123482704162e-07 0.0 -134.84208150746056 3.202095213970784
38.300274180358265 21.023318767547607 1.4043709556249668 -2.5897490978240967 -1.3296598494052887 9.469123482704162e-07 0.0 -134.84208150746056 3.202095213970784
41.02968824336911 41.26556754112244 0.7824333865814015 -2.4057962894439697 -1.2192297279834747 8.611940741539001e-07 0.0 -134.6942531752989 4.083578805951602
40.19567367366067 48.90216399620547 0.14281032455888643 -2.454496237407575 -1.400972599872465 1.9354579323466936e-07 0.0 -134.6273142512754 4.3861058430951605
40.19567367366067 48.90216399620547 0.14281032455888643 -2.454496237407575 -1.400972599872465 1.9354579323466936e-07 0.0 -134.6273142512754 4.3861058430951605
38.56339504238481 35.127351279118926 1.346890238801873 -2.2915901876671008 -1.2576476323235568 6.521651827586282e-07 0.0 -134.62161851045212 5.186023460772793
38.56339504238481 35.127351279118926 1.346890238801873 -2.2915901876671008 -1.2576476323235568 6.521651827586282e-07 0.0 -134.62161851045212 5.186023460772793
42.73048977294298 57.96460713850705 0.8265369365858396 -2.1425643026451637 -1.1694714065009932 9.499257045829658e-07 0.0 -134.60589735751176 2.211298396259785
43.12522029389962 49.45992228373138 0.6326651387771065 -2.4512015254603226 -1.1564955867385502 7.95140757675706e-07 0.0 -134.59892242061596 3.078219061797368
43.12522029389962 49.45992228373138 0.6326651387771065 -2.4512015254603226 -1.1564955867385502 7.95140757675706e-07 0.0 -134.59892242061596 3.078219061797368
39.982509184756914 36.72259550593566 1.5280362196105537 -2.148879764350741 -1.0265902890546703 9.342561977452558e-07 0.0 -134.54798343290966 3.8332655323088938
35.25901453143611 36.879677804706745 1.321517484606703 -2.156518806647215 -1.3039822780998132 3.340770391192127e-08 0.0 -134.53260476760212 3.3446564770424967
41.04087599822018 39.80008442349701 1.2505257953965248 -2.3291499204939243 -1.088745593419178 3.507734064267855e-07 0.0 -134.45538763920547 5.920400419316303
40.667798198249876 49.482401395016105 0.395552202913146 -2.3801406701769023 -1.397767247297939 7.774101929191841e-07 0.0 -134.33717643630368 4.037679403370664
38.688381980454096 50.49701052308823 0.40635238939039525 -2.475241958237821 -1.4677725915407185 3.470230459553094e-07 0.0 -134.28605130033446 4.960988691792863
40.581261445067845 46.153284198106526 0.6129043996930874 -2.4913872999805577 -1.3187357605571917 8.111557709294427e-07 0.0 -134.1619990650071 4.2891295881755855
39.861973409124154 43.626792763165035 0.9597928869459149 -2.2651593430354215 -1.3348053925572143 2.0302478112365207e-07 0.0 -134.15898588635287 6.127031990952316
40.782059981711036 37.59664075791948 1.0453972718458961 -2.5117889117335612 -1.2009677819199216 9.843328171329403e-07 0.0 -134.05941699571997 2.1695327140023952
39.512041590264936 49.44548265406402 0.6127592553962148 -2.6063374167908697 -1.3431054534143765 6.219359561069379e-07 0.0 -134.02282360855892 4.997028263843122
37.371259045254284 39.129038131584515 1.1291164325122633 -2.36290498939671 -1.356659103810447 5.182348228448995e-07 0.0 -134.0162220340941 4.757769672016904
39.784548326483296 36.57853193886247 1.0564785944269937 -2.4778318571293547 -1.2482704837744119 4.2184886915755846e-07 0.0 -133.9521549231382 5.863255405718736
40.31922317597156 47.68229449274526 0.8225338190935374 -2.5640622809639155 -1.276944804273263 5.928191746827843e-07 0.0 -133.8119532844389 5.332666944990308
39.02542170812245 57.29228713185503 0.4147263251983448 -2.5446513650236415 -1.3835698642130283 7.432600075094715e-07 0.0 -133.94960136645616 4.154604983673874
38.941270293179414 64.332217797584 0.3159016260003149 -2.327875859133247 -1.3559731342321462 5.646599229785318e-07 0.0 -133.91528954916302 4.398674837703259
